*---><---><--------><------------------------------------------------>
  0 0                                                                 
*---><---><--------><--------><--------><--------><--------><-------->
  RPP    1      -0.1       0.1      -0.2       0.2      -0.3       0.3
*---><---><--------><--------><--------><--------><--------><-------->
  SPH    2       0.0       0.0       0.0       1.0      40.0      50.0
*---><---><--------><--------><--------><--------><--------><-------->
  SPH    3       0.0       0.0       0.0       0.5      10.0      20.0
*---><---><--------><--------><--------><--------><--------><-------->
  SPH    4       0.0       0.0       0.0       2.0      10.0      20.0
*---><---><--------><--------><--------><--------><--------><-------->
  SPH    5       4.0       0.0       0.0       2.0      10.0      50.0 
*---><---><--------><--------><--------><--------><--------><-------->
  END                                                                 