x,v
9.786827,-64.946270
9.156396,-127.123581
8.135586,-183.881028
6.767919,-232.798780
5.111704,-271.791247
3.237554,-299.196001
1.225371,-313.844652
-0.839054,-315.112659
-2.867707,-302.945962
-4.774096,-277.863283
-6.476944,-240.934012
-7.903649,-193.732614
-8.993386,-138.271502
-9.699693,-76.915239
-9.992458,-12.279725
-9.859198,52.879330
-9.305595,115.783895
-8.355251,173.752060
-7.048685,224.312374
-5.441601,265.309218
-3.602516,294.994708
-1.609840,312.103215
0.451472,315.905323
2.493535,306.238933
4.429287,283.516166
6.176198,248.705798
7.659790,203.291957
8.816809,149.210843
9.597927,88.768183
9.969842,24.540927
9.916696,-40.732622
9.440755,-104.269552
8.562312,-163.360990
7.318818,-215.487597
5.763289,-258.426975
3.962044,-290.348420
1.991880,-309.890975
-0.063208,-316.221449
-2.115601,-309.069947
-4.077796,-288.741369
-5.866136,-256.102416
-7.404376,-212.544637
-8.626932,-159.925101
-9.481683,-100.487222
-9.932186,-36.765109
-9.959235,28.524470
-9.561675,92.597919
-8.756457,152.723492
-7.577911,206.337759
-6.076283,251.154898
-4.315596,285.264145
-2.370915,307.211268
-0.325151,316.060560
1.734476,311.434733
3.720154,293.531010
5.547225,263.112707
7.137792,221.476697
8.424042,170.398115
9.351136,112.054677
9.879549,48.933831
9.986750,-16.273289
9.668171,-80.786603
8.937393,-141.855613
7.825572,-196.876665
6.380112,-243.503957
4.662637,-279.749554
2.746374,-304.068138
0.713019,-315.422897
-1.350735,-313.329725
-3.356900,-297.877863
-5.219946,-269.726096
-6.860441,-230.074662
-8.208444,-180.614086
-9.206483,-123.453099
-9.812008,-61.028738
-9.999201,3.997560
-9.760082,68.853423
-9.104846,130.773747
-8.061429,187.118584
-6.674316,235.485694
-5.002645,273.812964
-3.117689,300.466326
-1.099812,314.309424
0.964955,314.752063
2.988582,301.775372
4.884792,275.932607
6.572741,238.325563
7.980464,190.557603
9.047942,134.665294
9.729665,73.031583
9.996568,8.284200
9.837271,-56.816377
9.258566,-119.494611
8.285125,-177.078238
6.958451,-227.112205
5.335107,-267.463332
3.484302,-296.411264
1.484946,-312.721820
-0.577721,-315.699603
-2.615756,-305.217658
-4.542270,-281.722878
-6.275126,-246.216954
-7.740445,-200.213667
-8.875753,-145.674349
-9.632646,-84.924262
-9.978855,-20.553463
-9.899620,44.693625
-9.398319,108.035218
-8.496323,166.770772
-7.232091,218.396120
-5.659521,260.710235
-3.845659,291.909071
-1.867840,310.662479
0.189615,316.170914
2.238985,308.199527
4.192897,287.088174
5.968046,253.736930
7.488750,209.567711
8.690174,156.463655
9.521096,96.688833
9.946090,32.791721
9.947036,-32.503454
9.523894,-96.412856
8.694705,-156.211735
7.494820,-209.350587
5.975397,-253.563860
4.201215,-286.966537
2.247916,-308.134508
0.198778,-316.165286
-1.858835,-310.716482
-3.837198,-292.020402
-5.651963,-260.874147
-7.225758,-218.605625
-8.491486,-167.016939
-9.395184,-108.307551
-9.898321,-44.980513
-9.979447,20.264251
-9.635103,84.645057
-8.879971,145.417054
-7.746244,199.989253
-6.282260,246.034988
-4.550433,281.591118
-2.624601,305.141721
-0.586870,315.682728
1.475882,312.764725
3.475710,296.512121
5.327353,267.617839
6.951867,227.313776
8.279990,177.318280
9.255099,119.762888
9.835620,57.101453
9.996804,-7.994480
9.731778,-72.749572
9.051841,-134.403014
7.985983,-190.326237
6.579645,-238.134976
4.892787,-275.790923
2.997327,-301.688633
0.974077,-314.723966
-1.090702,-314.341167
-3.108980,-300.556556
-4.994708,-273.957834
-6.667488,-235.679028
-8.056003,-187.352139
-9.101053,-131.037565
-9.758083,-69.136256
-9.999081,-4.287350
-9.813772,60.744345
-9.210057,123.186229
-8.213675,180.376117
-6.867106,229.875740
-5.227761,269.574701
-3.365532,297.780451
-1.359815,313.290448
0.703877,315.443430
2.737560,304.147606
4.654528,279.884568
6.373052,243.688761
7.819863,197.103380
8.933278,142.114574
9.665825,81.066768
9.986274,16.562713
9.880963,-48.647486
9.354380,-111.783620
8.428977,-170.153903
7.144208,-221.269740
5.554848,-262.951830
3.728660,-293.423072
1.743501,-311.384336
-0.315991,-316.069852
-2.362010,-307.279853
-4.307327,-285.389099
-6.069002,-251.330893
-7.571927,-206.557293
-8.752027,-152.977205
-9.558987,-92.874993
-9.958404,-28.813092
-9.933248,36.477244
-9.484592,100.212386
-8.631564,159.675013
-7.410532,212.329959
-5.873556,255.932300
-4.086163,288.623068
-2.124558,309.008505
-0.072373,316.219486
1.982898,309.948574
3.953628,290.463126
5.755797,258.593897
7.312570,215.699618
8.557574,163.609071
9.437730,104.543116
9.915511,41.020006
9.970549,-24.251975
9.600496,-88.489984
8.821130,-148.955256
7.665678,-203.069880
6.183404,-248.526699
4.437502,-283.387681
2.502409,-306.166540
0.460627,-315.892108
-1.600794,-312.149741
-3.593965,-295.098993
-5.433909,-265.466815
-7.042181,-224.516563
-8.350212,-173.994136
-9.302235,-116.053538
-9.857661,-53.165043
-9.992809,11.990123
-9.701918,76.634095
-8.997390,138.010803
-7.909261,193.503474
-6.483924,240.746200
-4.782147,277.724807
-2.876486,302.862726
-0.848186,315.088212
1.216275,313.880035
3.228881,299.289707
5.103825,271.939280
6.761169,232.994828
8.130254,184.116734
9.152708,127.388895
9.784941,65.229880
9.999996,0.289816
9.788705,-64.662605
9.160077,-126.858162
8.140912,-183.645170
6.774663,-232.602539
5.119579,-271.642990
3.246223,-299.102049
1.234466,-313.809009
-0.829922,-315.136846
-2.858926,-303.028948
-4.766042,-278.001529
-6.469959,-241.121624
-7.898032,-193.961594
-8.989375,-138.532087
-9.697460,-77.196320
-9.992098,-12.569317
-9.860726,52.593573
-9.308946,115.514157
-8.360283,173.509840
-7.055183,224.108000
-5.449288,265.151403
-3.611064,294.890180
-1.618884,312.056430
0.442316,315.918278
2.484659,306.311073
4.421069,283.644416
6.168988,248.884692
7.653895,203.513866
8.812481,149.466306
9.595351,89.046310
9.969126,24.829858
9.917872,-40.445204
9.443773,-103.995901
8.567043,-163.112774
7.325060,-215.275397
5.770776,-258.259839
3.970457,-290.233474
2.000860,-309.833119
-0.054044,-316.223151
-2.106643,-309.131133
-4.069426,-288.859431
-5.858711,-256.272320
-7.398213,-212.759140
-8.622294,-160.175057
-9.478767,-100.761974
-9.931117,-37.052944
-9.960057,28.235824
-9.564355,92.320769
-8.760879,152.469654
-7.583887,206.118055
-6.083560,250.978694
-4.323861,285.138955
-2.379817,307.142429
-0.334310,316.051006
1.725449,311.484873
3.711646,293.638704
5.539597,263.273365
7.131370,221.683470
8.419100,170.642187
9.347885,112.325641
9.878126,49.220136
9.987218,-15.983850
9.670508,-80.506372
8.941500,-141.596535
7.831275,-196.649786
6.387166,-243.318951
4.670743,-279.614308
2.755185,-303.988419
0.722160,-315.402103
-1.341653,-313.368742
-3.348266,-297.975029
-5.212127,-269.877267
-6.853770,-230.273394
-8.203206,-180.851905
-9.202902,-123.719866
-9.810235,-61.313080
-9.999313,3.707766
-9.762074,68.570532
-9.108633,130.509821
-8.066849,186.884874
-6.681138,235.292165
-5.010579,273.667867
-3.126396,300.375847
-1.108921,314.277420
0.955833,314.779900
2.979835,301.861862
4.876793,276.074062
6.565831,238.515953
7.974938,190.788811
9.044036,134.927462
9.727545,73.313534
9.996324,8.573912
9.838914,-56.531255
9.262025,-119.226234
8.290254,-176.838049
6.965031,-226.910444
5.342856,-267.308602
3.492891,-296.310162
1.494008,-312.678655
-0.568571,-315.716216
-2.606910,-305.293341
-4.534104,-281.854404
-6.267988,-246.398715
-7.734639,-200.437914
-8.871527,-145.931522
-9.630181,-85.203396
-9.978256,-20.842657
-9.900911,44.406701
-9.401446,107.762796
-8.501153,166.524467
-7.238417,218.186432
-5.667074,260.546105
-3.854118,291.797497
-1.876842,310.608218
0.180451,316.176279
2.230052,308.264289
4.184575,287.209572
5.960690,253.909788
7.482673,209.784660
8.685636,156.715446
9.518290,96.964730
9.945135,33.079960
9.947974,-32.215160
9.526685,-96.136799
8.699229,-155.959684
7.500885,-209.133290
5.982743,-253.390579
4.209530,-286.844661
2.256845,-308.069233
0.207941,-316.159395
-1.849830,-310.770225
-3.828733,-292.131489
-5.644400,-261.037842
-7.219420,-218.814949
-8.486643,-167.262967
-9.392041,-108.579793
-9.897013,-45.267363
-9.980030,19.975023
-9.637552,84.365782
-8.884182,145.159639
-7.752037,199.764672
-6.289387,245.852817
-4.558592,281.459123
-2.633443,305.065531
-0.596019,315.665589
1.466817,312.807369
3.467116,296.612730
5.319595,267.772124
6.945276,227.515159
8.274847,177.558174
9.251624,120.031066
9.833961,57.386481
9.997032,-7.704754
9.733882,-72.467500
9.055733,-134.140623
7.991496,-190.094712
6.586544,-237.944189
4.900778,-275.649009
3.006069,-301.601641
0.983198,-314.695606
-1.081592,-314.372648
-3.100268,-300.646535
-4.986766,-274.102476
-6.660655,-235.872165
-8.050569,-187.585537
-9.097251,-131.301274
-9.756075,-69.419032
-9.998953,-4.577137
-9.815529,60.459902
-9.213624,122.919257
-8.218899,180.137998
-6.873765,229.676626
-5.235571,269.423081
-3.374161,297.682790
-1.368894,313.250909
0.694735,315.463700
2.728744,304.226819
4.646414,280.019348
6.365987,243.873362
7.814148,197.329930
8.929155,142.373415
9.663472,81.346866
9.985790,16.852124
9.882368,-48.361101
9.357616,-111.512469
8.433905,-169.909548
7.150617,-221.062599
5.562466,-262.790734
3.737162,-293.314888
1.752525,-311.333678
-0.306830,-316.078879
-2.353104,-307.348181
-4.299054,-285.513815
-6.061715,-251.506679
-7.565938,-206.776654
-8.747590,-153.230789
-9.556292,-93.151989
-9.957565,-29.101690
-9.934301,36.189348
-9.487492,99.937467
-8.636188,159.424791
-7.416683,212.115102
-5.880971,255.761970
-4.094526,288.504526
-2.133512,308.946805
-0.081537,316.217258
1.973914,310.005913
3.945208,290.577588
5.748300,258.760602
7.306315,215.911459
8.552829,163.857016
9.434696,104.816593
9.914318,41.307356
9.971248,-23.963003
9.603057,-88.211710
8.825443,-148.699545
7.671561,-202.847633
6.190604,-248.347392
4.445713,-283.258958
2.511281,-306.093890
0.469782,-315.878628
-1.591746,-312.196006
-3.585411,-295.203030
-5.426214,-265.624188
-7.035671,-224.720564
-8.345166,-174.236067
-9.298868,-116.323083
-9.856116,-53.450711
-9.993153,11.700511
-9.704135,76.352887
-9.001386,137.749987
-7.914866,193.274171
-6.490898,240.558187
-4.790194,277.586099
-2.885262,302.779236
-0.857318,315.063500
1.207178,313.915156
3.220206,299.383162
5.095942,272.087085
6.754414,233.190682
8.124915,184.352285
9.149013,127.654102
9.783046,65.513436
9.999983,0.579631
9.790575,-64.378887
9.163750,-126.592636
8.146231,-183.409158
6.781402,-232.406103
5.127449,-271.494504
3.254890,-299.007845
1.243561,-313.773103
-0.820788,-315.160769
-2.850143,-303.111679
-4.757983,-278.139541
-6.462968,-241.309034
-7.892407,-194.190411
-8.985356,-138.792556
-9.695219,-77.477335
-9.991729,-12.858899
-9.862246,52.307772
-9.312290,115.244322
-8.365308,173.267475
-7.061675,223.903437
-5.456970,264.993365
-3.619609,294.785404
-1.627927,312.009384
0.433160,315.930966
2.475780,306.382956
4.412846,283.772429
6.161772,249.063376
7.647994,203.735604
8.808146,149.721644
9.592766,89.324361
9.968403,25.118769
9.919040,-40.157752
9.446783,-103.722163
8.571767,-162.864420
7.331296,-215.063017
5.778259,-258.092486
3.978867,-290.118284
2.009838,-309.775003
-0.044879,-316.224587
-2.097683,-309.192059
-4.061053,-288.977250
-5.851282,-256.442009
-7.392043,-212.973464
-8.617648,-160.424879
-9.475843,-101.036642
-9.930039,-37.340748
-9.960871,27.947154
-9.567026,92.043541
-8.765295,152.215687
-7.589858,205.898177
-6.090831,250.802279
-4.332123,285.013525
-2.388718,307.073331
-0.343470,316.041187
1.716421,311.534751
3.703134,293.746153
5.531965,263.433803
7.124943,221.890057
8.414151,170.886115
9.344626,112.596511
9.876696,49.506399
9.987677,-15.694399
9.672837,-80.226072
8.945600,-141.337338
7.836971,-196.422743
6.394215,-243.133741
4.678845,-279.478827
2.763994,-303.908444
0.731301,-315.381044
-1.332571,-313.407496
-3.339629,-298.071944
-5.204303,-270.028211
-6.847094,-230.471932
-8.197961,-181.089572
-9.199312,-123.986530
-9.808454,-61.597370
-9.999416,3.417968
-9.764057,68.287584
-9.112411,130.245785
-8.072261,186.651008
-6.687954,235.098438
-5.018508,273.522540
-3.135100,300.285115
-1.118029,314.245152
0.946710,314.807471
2.971086,301.948098
4.868790,276.215285
6.558916,238.706143
7.969405,191.019858
9.040122,135.189517
9.725416,73.595423
9.996071,8.863618
9.840548,-56.246084
9.265477,-118.957757
8.295375,-176.597712
6.971604,-226.708493
5.350601,-267.153647
3.501477,-296.208810
1.503070,-312.635227
-0.559421,-315.732564
-2.598061,-305.368767
-4.525933,-281.985693
-6.260845,-246.580270
-7.728827,-200.661993
-8.867294,-146.188572
-9.627708,-85.482458
-9.977647,-21.131833
-9.902194,44.119739
-9.404565,107.490283
-8.505976,166.278022
-7.244738,217.976562
-5.674623,260.381757
-3.862573,291.685679
-1.885843,310.553696
0.171288,316.181379
2.221117,308.328792
4.176249,287.330729
5.953329,254.082434
7.476590,210.001433
8.681090,156.967104
9.515476,97.240544
9.944173,33.368172
9.948903,-31.926839
9.529467,-95.860662
8.703745,-155.707503
7.506942,-208.915816
5.990084,-253.217085
4.217841,-286.722544
2.265773,-308.003699
0.217103,-316.153238
-1.840822,-310.823708
-3.820265,-292.242331
-5.636832,-261.201318
-7.213075,-219.024089
-8.481792,-167.508854
-9.388890,-108.851944
-9.895697,-45.554175
-9.980605,19.685778
-9.639994,84.086436
-8.888385,144.902102
-7.757823,199.539924
-6.296510,245.670439
-4.566748,281.326892
-2.642284,304.989084
-0.605167,315.648185
1.457751,312.849751
3.458518,296.713090
5.311832,267.926184
6.938679,227.716350
8.269698,177.797918
9.248141,120.299143
9.832294,57.671461
9.997251,-7.415022
9.735978,-72.185367
9.059617,-133.878118
7.997002,-189.863028
6.593438,-237.753203
4.908765,-275.506863
3.014809,-301.514396
0.992318,-314.666982
-1.072480,-314.403864
-3.091554,-300.736262
-4.978820,-274.246887
-6.653816,-236.065104
-8.045130,-187.818778
-9.093442,-131.564872
-9.754059,-69.701750
-9.998816,-4.866921
-9.817277,60.175408
-9.217182,122.652181
-8.224117,179.899727
-6.880419,229.477319
-5.243377,269.271236
-3.382786,297.584879
-1.377972,313.211108
0.685592,315.483704
2.719926,304.305777
4.638297,280.153893
6.358916,244.057757
7.808425,197.556315
8.925025,142.632137
9.661110,81.626894
9.985298,17.141521
9.883766,-48.074675
9.360844,-111.241225
8.438825,-169.665050
7.157021,-220.855272
5.570080,-262.629416
3.745661,-293.206459
1.761547,-311.282759
-0.297670,-316.087641
-2.344196,-307.416251
-4.290777,-285.638290
-6.054424,-251.682253
-7.559942,-206.995842
-8.743145,-153.484244
-9.553588,-93.428906
-9.956717,-29.390264
-9.935346,35.901421
-9.490384,99.662463
-8.640805,159.174436
-7.422827,211.900068
-5.888381,255.591425
-4.102885,288.385741
-2.142465,308.884845
-0.090702,316.214765
1.964929,310.062993
3.936785,290.691807
5.740798,258.927090
7.300055,216.123118
8.548076,164.104822
9.431654,105.089982
9.913117,41.594671
9.971938,-23.674012
9.605609,-87.933362
8.829749,-148.443709
7.677436,-202.625216
6.197799,-248.167877
4.453921,-283.129998
2.520151,-306.020983
0.478936,-315.864883
-1.582698,-312.242009
-3.576854,-295.306819
-5.418513,-265.781339
-7.029156,-224.924376
-8.340113,-174.477851
-9.295493,-116.592531
-9.854563,-53.736334
-9.993488,11.410890
-9.706344,76.071615
-9.005374,137.489057
-7.920464,193.044707
-6.497867,240.369972
-4.798237,277.447157
-2.894036,302.695492
-0.866449,315.038524
1.198080,313.950012
3.211528,299.476365
5.088054,272.234661
6.747653,233.386339
8.119568,184.587682
9.145309,127.919202
9.781143,65.796937
9.999962,0.869445
9.792437,-64.095115
9.167415,-126.327005
8.151543,-183.172992
6.788134,-232.209472
5.135316,-271.345791
3.263555,-298.913390
1.252654,-313.736934
-0.811654,-315.184426
-2.841357,-303.194155
-4.749920,-278.277320
-6.455972,-241.496241
-7.886776,-194.419065
-8.981330,-139.052908
-9.692969,-77.758286
-9.991352,-13.148469
-9.863758,52.021928
-9.315626,114.974390
-8.370327,173.024964
-7.068161,223.698687
-5.464648,264.835104
-3.628151,294.680381
-1.636969,311.962076
0.424004,315.943390
2.466900,306.454582
4.404620,283.900203
6.154552,249.241851
7.642086,203.957170
8.803803,149.976856
9.590173,89.602337
9.967671,25.407658
9.920200,-39.870267
9.449786,-103.448338
8.576483,-162.615930
7.337526,-214.850456
5.785736,-257.924917
3.987274,-290.002851
2.018815,-309.716627
-0.035714,-316.225757
-2.088721,-309.252726
-4.052676,-289.094826
-5.843847,-256.611482
-7.385868,-213.187609
-8.612995,-160.674565
-9.472911,-101.311225
-9.928953,-37.628520
-9.961677,27.658462
-9.569690,91.766236
-8.769702,151.961592
-7.595822,205.678127
-6.098097,250.625654
-4.340382,284.887856
-2.397616,307.003976
-0.352629,316.031102
1.707392,311.584367
3.694619,293.853354
5.524328,263.594019
7.118509,222.096457
8.409195,171.129899
9.341359,112.867286
9.875257,49.792620
9.988128,-15.404934
9.675158,-79.945705
8.949693,-141.078023
7.842660,-196.195534
6.401259,-242.948326
4.686943,-279.343112
2.772800,-303.828214
0.740441,-315.359719
-1.323487,-313.445987
-3.330989,-298.168608
-5.196475,-270.178928
-6.840411,-230.670276
-8.192710,-181.327087
-9.195715,-124.253089
-9.806665,-61.881609
-9.999511,3.128169
-9.766032,68.004578
-9.116182,129.981639
-8.077668,186.416984
-6.694765,234.904514
-5.026433,273.376983
-3.143802,300.194131
-1.127135,314.212621
0.937586,314.834779
2.962334,302.034080
4.860783,276.356276
6.551995,238.896132
7.963866,191.250745
9.036200,135.451457
9.723279,73.877250
9.995810,9.153316
9.842174,-55.960867
9.268920,-118.689180
8.300490,-176.357227
6.978172,-226.506352
5.358341,-266.998469
3.510061,-296.107210
1.512130,-312.591537
-0.550270,-315.748647
-2.589210,-305.443937
-4.517759,-282.116745
-6.253696,-246.761617
-7.723008,-200.885904
-8.863054,-146.445499
-9.625226,-85.761449
-9.977031,-21.420992
-9.903469,43.832740
-9.407676,107.217680
-8.510791,166.031437
-7.251052,217.766509
-5.682167,260.217191
-3.871025,291.573615
-1.894843,310.498914
0.162125,316.186213
2.212180,308.393037
4.167920,287.451645
5.945962,254.254865
7.470501,210.218030
8.676538,157.218631
9.512654,97.516277
9.943201,33.656356
9.949825,-31.638491
9.532241,-95.584444
8.708254,-155.455191
7.512994,-208.698167
5.997421,-253.043379
4.226149,-286.600186
2.274698,-307.937907
0.226266,-316.146816
-1.831813,-310.876930
-3.811794,-292.352928
-5.629260,-261.364574
-7.206724,-219.233044
-8.476933,-167.754600
-9.385732,-109.124004
-9.894373,-45.840949
-9.981171,19.396517
-9.642427,83.807020
-8.892581,144.644443
-7.763603,199.315008
-6.303627,245.487855
-4.574899,281.194425
-2.651122,304.912381
-0.614315,315.630517
1.448683,312.891870
3.449917,296.813201
5.304065,268.080018
6.932077,227.917349
8.264542,178.037514
9.244651,120.567119
9.830619,57.956392
9.997461,-7.125283
9.738067,-71.903174
9.063493,-133.615501
8.002501,-189.631185
6.600325,-237.562017
4.916747,-275.364486
3.023546,-301.426898
1.001437,-314.638093
-1.063368,-314.434817
-3.082837,-300.825736
-4.970870,-274.391068
-6.646972,-236.257844
-8.039683,-188.051860
-9.089625,-131.828360
-9.752035,-69.984408
-9.998671,-5.156699
-9.819017,59.890863
-9.220733,122.385003
-8.229327,179.661306
-6.887067,229.277819
-5.251179,269.119163
-3.391410,297.486718
-1.387049,313.171043
0.676449,315.503444
2.711106,304.384479
4.630176,280.288202
6.351840,244.241948
7.802697,197.782534
8.920888,142.890739
9.658741,81.906854
9.984797,17.430903
9.885155,-47.788208
9.364064,-110.969888
8.443739,-169.420410
7.163419,-220.647760
5.577689,-262.467879
3.754157,-293.097783
1.770568,-311.231578
-0.288509,-316.096138
-2.335285,-307.484063
-4.282497,-285.762526
-6.047127,-251.857616
-7.553940,-207.214855
-8.738694,-153.737571
-9.550876,-93.705745
-9.955861,-29.678812
-9.936382,35.613465
-9.493269,99.387376
-8.645414,158.923946
-7.428965,211.684856
-5.895786,255.420665
-4.111242,288.266714
-2.151416,308.822626
-0.099866,316.212006
1.955942,310.119812
3.928359,290.805781
5.733292,259.093360
7.293788,216.334596
8.543317,164.352491
9.428605,105.363282
9.911907,41.881952
9.972620,-23.385000
9.608154,-87.654941
8.834048,-148.187748
7.683305,-202.402629
6.204988,-247.988153
4.462124,-283.000800
2.529019,-305.947819
0.488090,-315.850873
-1.573648,-312.287749
-3.568294,-295.410360
-5.410808,-265.938266
-7.022634,-225.127999
-8.335053,-174.719488
-9.292110,-116.861881
-9.853002,-54.021913
-9.993814,11.121258
-9.708545,75.790279
-9.009355,137.228010
-7.926055,192.815080
-6.504831,240.181554
-4.806276,277.307982
-2.902807,302.611494
-0.875578,315.013283
1.188980,313.984605
3.202847,299.569317
5.080162,272.382008
6.740886,233.581800
8.114216,184.822923
9.141598,128.184194
9.779233,66.080382
9.999933,1.159259
9.794290,-63.811288
9.171072,-126.061267
8.156849,-182.936672
6.794861,-232.012645
5.143177,-271.196850
3.272216,-298.818684
1.261746,-313.700500
-0.802519,-315.207820
-2.832569,-303.276377
-4.741853,-278.414866
-6.448970,-241.683246
-7.881138,-194.647556
-8.977297,-139.313144
-9.690712,-78.039171
-9.990967,-13.438028
-9.865262,51.736039
-9.318955,114.704361
-8.375338,172.782308
-7.074641,223.493748
-5.472321,264.676621
-3.636690,294.575110
-1.646010,311.914505
0.414847,315.955548
2.458017,306.525950
4.396391,284.027739
6.147326,249.420116
7.636172,204.178566
8.799453,150.231942
