n,fun,fft_val,inv_fft
1,1.105023e+00,1.315978e+01,1.008453e+00
2,1.047325e+00,2.127541e-02,1.006463e+00
3,1.090002e+00,-3.590426e-01,1.000501e+00
4,1.082092e+00,1.008453e+02,9.905901e-01
5,1.082539e+00,3.599426e-01,9.767701e-01
6,9.757504e-01,1.671349e-01,9.590953e-01
7,9.716793e-01,-2.999745e-02,9.376354e-01
8,1.000856e+00,5.314074e-01,9.124751e-01
9,9.110285e-01,5.950587e-01,8.837137e-01
10,9.135742e-01,3.987436e-01,8.514646e-01
11,8.686916e-01,-2.163646e-02,8.158552e-01
12,8.491221e-01,4.936889e-01,7.770260e-01
13,7.745667e-01,-9.390879e-02,7.351303e-01
14,7.487222e-01,-4.573840e-01,6.903333e-01
15,7.564527e-01,-4.462520e-01,6.428118e-01
16,7.023096e-01,1.962941e-01,5.927535e-01
17,6.152908e-01,4.766750e-01,5.403559e-01
18,5.714158e-01,-3.710497e-01,4.858257e-01
19,4.434796e-01,4.090614e-01,4.293782e-01
20,4.439957e-01,-1.662553e-02,3.712361e-01
21,3.110546e-01,-3.069712e-01,3.116290e-01
22,2.790507e-01,5.024010e-01,2.507919e-01
23,2.045353e-01,4.451371e-01,1.889652e-01
24,2.258553e-01,1.842051e-01,1.263926e-01
25,8.237541e-02,5.436125e-01,6.332126e-02
26,5.011805e-02,5.383253e-01,0.000000e+00
27,-4.656671e-02,1.738839e-01,-6.332126e-02
28,-1.117321e-01,-2.741166e-01,-1.263926e-01
29,-6.251575e-02,-2.303885e-01,-1.889652e-01
30,-2.214078e-01,1.883949e-01,-2.507919e-01
31,-2.449004e-01,-3.531382e-01,-3.116290e-01
32,-2.632355e-01,7.641704e-01,-3.712361e-01
33,-3.491993e-01,-1.662711e-01,-4.293782e-01
34,-4.447497e-01,-3.196798e-01,-4.858257e-01
35,-4.561328e-01,-1.366000e-01,-5.403559e-01
36,-5.222494e-01,-2.855889e-01,-5.927535e-01
37,-5.757261e-01,-3.724400e-01,-6.428118e-01
38,-5.629502e-01,7.666469e-01,-6.903333e-01
39,-6.924040e-01,-1.692710e-01,-7.351303e-01
40,-6.740935e-01,9.383877e-02,-7.770260e-01
41,-7.431739e-01,1.894335e-01,-8.158552e-01
42,-7.480887e-01,-2.210886e-01,-8.514646e-01
43,-8.262781e-01,4.162257e-01,-8.837137e-01
44,-7.933859e-01,-4.724053e-02,-9.124751e-01
45,-8.943621e-01,2.405640e-01,-9.376354e-01
46,-9.069992e-01,-1.730176e-01,-9.590953e-01
47,-8.676176e-01,-1.473570e-01,-9.767701e-01
48,-8.674089e-01,2.576054e-01,-9.905901e-01
49,-9.833953e-01,4.409697e-01,-1.000501e+00
50,-8.793608e-01,-2.232128e-01,-1.006463e+00
51,-9.342506e-01,6.876253e-01,-1.008453e+00
52,-9.872697e-01,2.513193e-01,-1.006463e+00
53,-9.680880e-01,1.016009e-01,-1.000501e+00
54,-8.993839e-01,1.189622e-01,-9.905901e-01
55,-8.573041e-01,-3.620894e-01,-9.767701e-01
56,-9.074449e-01,-7.026622e-01,-9.590953e-01
57,-9.217551e-01,-5.158614e-02,-9.376354e-01
58,-9.023242e-01,4.957664e-01,-9.124751e-01
59,-8.190940e-01,-3.060709e-02,-8.837137e-01
60,-8.364409e-01,-1.825648e-01,-8.514646e-01
61,-7.792320e-01,-2.041360e-01,-8.158552e-01
62,-6.491840e-01,-5.405170e-01,-7.770260e-01
63,-6.161926e-01,1.149649e-02,-7.351303e-01
64,-5.781821e-01,-5.411320e-01,-6.903333e-01
65,-6.040908e-01,7.341399e-01,-6.428118e-01
66,-5.203152e-01,-2.117405e-01,-5.927535e-01
67,-4.889259e-01,-2.115107e-01,-5.403559e-01
68,-3.867226e-01,-1.725844e-01,-4.858257e-01
69,-3.617124e-01,-3.636331e-01,-4.293782e-01
70,-2.846591e-01,-1.654342e-01,-3.712361e-01
71,-2.425662e-01,2.350613e-01,-3.116290e-01
72,-2.437798e-01,-1.441953e-01,-2.507919e-01
73,-1.326766e-01,-2.204236e-01,-1.889652e-01
74,-8.853852e-03,-2.884972e-01,-1.263926e-01
75,5.356070e-02,2.088880e-02,-6.332126e-02
76,9.011904e-02,1.952508e-01,0.000000e+00
77,9.832720e-02,1.467669e-01,6.332126e-02
78,2.176500e-01,4.063539e-02,1.263926e-01
79,2.673787e-01,-3.197981e-01,1.889652e-01
80,2.929460e-01,-3.251614e-01,2.507919e-01
81,3.949997e-01,7.081608e-01,3.116290e-01
82,3.888713e-01,1.961290e-03,3.712361e-01
83,4.807924e-01,2.135187e-01,4.293782e-01
84,5.917631e-01,-5.903161e-01,4.858257e-01
85,6.394769e-01,-1.604272e-01,5.403559e-01
86,6.290774e-01,-6.049601e-02,5.927535e-01
87,6.660450e-01,-2.510581e-01,6.428118e-01
88,7.962187e-01,4.258624e-01,6.903333e-01
89,7.727637e-01,-6.468465e-01,7.351303e-01
90,8.563470e-01,6.538868e-01,7.770260e-01
91,9.285755e-01,1.954169e-02,8.158552e-01
92,9.179079e-01,-2.254461e-01,8.514646e-01
93,9.584697e-01,-1.403593e-01,8.837137e-01
94,1.012162e+00,-9.208786e-02,9.124751e-01
95,9.847215e-01,1.338525e-01,9.376354e-01
96,1.066553e+00,-5.004654e-02,9.590953e-01
97,1.018388e+00,8.484261e-01,9.767701e-01
98,1.084133e+00,1.655813e-01,9.905901e-01
99,1.077642e+00,-1.225968e-01,1.000501e+00
100,1.111898e+00,-4.841829e-01,1.006463e+00
101,1.060311e+00,3.933843e-01,1.008453e+00
102,1.025005e+00,1.619413e-01,1.006463e+00
103,1.110896e+00,3.096749e-01,1.000501e+00
104,1.097303e+00,6.150093e-01,9.905901e-01
105,9.870407e-01,2.173463e-02,9.767701e-01
106,1.061189e+00,3.337858e-01,9.590953e-01
107,1.009912e+00,-2.898475e-01,9.376354e-01
108,9.588212e-01,-4.760524e-01,9.124751e-01
109,9.537562e-01,3.912670e-01,8.837137e-01
110,8.794604e-01,5.455010e-01,8.514646e-01
111,9.072673e-01,2.663496e-01,8.158552e-01
112,8.089455e-01,2.148722e-01,7.770260e-01
113,7.848478e-01,2.112471e-01,7.351303e-01
114,7.128104e-01,3.367781e-01,6.903333e-01
115,6.608656e-01,2.000193e-01,6.428118e-01
116,6.223146e-01,-2.399129e-01,5.927535e-01
117,6.053823e-01,-3.199343e-02,5.403559e-01
118,5.338163e-01,8.371469e-02,4.858257e-01
119,4.469802e-01,-6.538517e-02,4.293782e-01
120,4.814750e-01,4.781882e-01,3.712361e-01
121,3.219134e-01,8.909594e-02,3.116290e-01
122,2.644493e-01,1.535539e-01,2.507919e-01
123,2.493118e-01,-5.010298e-01,1.889652e-01
124,2.203926e-01,1.518491e-01,1.263926e-01
125,1.858845e-01,7.580929e-01,6.332126e-02
126,1.168755e-01,-5.204890e-01,0.000000e+00
127,2.276511e-02,-6.367823e-02,-6.332126e-02
128,-7.743469e-02,8.803155e-02,-1.263926e-01
129,-9.365995e-02,3.370113e-01,-1.889652e-01
130,-2.026069e-01,3.101813e-01,-2.507919e-01
131,-2.722469e-01,-3.826659e-01,-3.116290e-01
132,-3.390919e-01,-3.516848e-01,-3.712361e-01
133,-3.527182e-01,-5.729284e-01,-4.293782e-01
134,-4.512021e-01,-5.926361e-02,-4.858257e-01
135,-5.167781e-01,-2.226985e-01,-5.403559e-01
136,-4.962667e-01,-6.490634e-01,-5.927535e-01
137,-6.217396e-01,6.582786e-01,-6.428118e-01
138,-5.853633e-01,3.663771e-02,-6.903333e-01
139,-7.084559e-01,1.484777e-01,-7.351303e-01
140,-6.773793e-01,-3.554425e-02,-7.770260e-01
141,-7.997008e-01,-1.526841e-01,-8.158552e-01
142,-7.255649e-01,-5.407843e-02,-8.514646e-01
143,-8.697405e-01,-3.242567e-01,-8.837137e-01
144,-8.396316e-01,2.587681e-01,-9.124751e-01
145,-9.077502e-01,-2.164107e-01,-9.376354e-01
146,-9.210487e-01,-4.320987e-02,-9.590953e-01
147,-8.688584e-01,-7.611352e-01,-9.767701e-01
148,-8.907055e-01,4.802237e-01,-9.905901e-01
149,-9.100442e-01,-1.967252e-01,-1.000501e+00
150,-8.771011e-01,-2.705531e-01,-1.006463e+00
151,-9.200677e-01,2.781756e-01,-1.008453e+00
152,-9.030599e-01,8.342488e-02,-1.006463e+00
153,-9.804296e-01,1.746423e-01,-1.000501e+00
154,-9.654244e-01,-5.158975e-02,-9.905901e-01
155,-9.035569e-01,3.769121e-01,-9.767701e-01
156,-9.412775e-01,3.959744e-01,-9.590953e-01
157,-9.210382e-01,1.745426e-01,-9.376354e-01
158,-8.792452e-01,-7.118648e-01,-9.124751e-01
159,-8.186291e-01,2.196550e-01,-8.837137e-01
160,-7.418683e-01,-9.730658e-02,-8.514646e-01
161,-7.373522e-01,1.117585e-01,-8.158552e-01
162,-6.760656e-01,-3.380251e-01,-7.770260e-01
163,-7.224763e-01,-5.029798e-01,-7.351303e-01
164,-6.648212e-01,6.403443e-01,-6.903333e-01
165,-5.124248e-01,3.696686e-01,-6.428118e-01
166,-5.622442e-01,-2.858137e-02,-5.927535e-01
167,-4.245823e-01,3.239673e-01,-5.403559e-01
168,-4.660701e-01,-4.269795e-01,-4.858257e-01
169,-3.010544e-01,2.936281e-01,-4.293782e-01
170,-3.613674e-01,-3.719346e-02,-3.712361e-01
171,-2.001995e-01,1.962458e-01,-3.116290e-01
172,-2.396488e-01,6.429444e-01,-2.507919e-01
173,-1.868611e-01,-3.581623e-01,-1.889652e-01
174,-9.949594e-03,3.580035e-01,-1.263926e-01
175,1.144600e-02,-2.425838e-01,-6.332126e-02
176,2.254653e-02,5.091200e-01,0.000000e+00
177,8.318196e-02,-4.402617e-01,6.332126e-02
178,1.742945e-01,6.993883e-01,1.263926e-01
179,3.015097e-01,4.711713e-01,1.889652e-01
180,3.511518e-01,-6.995520e-01,2.507919e-01
181,3.539039e-01,3.492288e-01,3.116290e-01
182,4.371852e-01,-3.569113e-01,3.712361e-01
183,4.982080e-01,-1.195363e-01,4.293782e-01
184,5.383257e-01,3.364355e-01,4.858257e-01
185,6.217502e-01,7.597814e-01,5.403559e-01
186,6.002403e-01,4.947339e-01,5.927535e-01
187,7.037750e-01,-8.553365e-02,6.428118e-01
188,7.792088e-01,3.482173e-01,6.903333e-01
189,7.670055e-01,-1.166877e-01,7.351303e-01
190,8.945418e-01,5.504205e-01,7.770260e-01
191,8.811384e-01,1.696501e-01,8.158552e-01
192,9.540296e-01,-4.716592e-01,8.514646e-01
193,9.697828e-01,7.053866e-01,8.837137e-01
194,9.834408e-01,-4.186018e-01,9.124751e-01
195,9.342041e-01,-2.607618e-01,9.376354e-01
196,1.044532e+00,1.276744e-01,9.590953e-01
197,1.072738e+00,-5.119989e-01,9.767701e-01
198,1.097959e+00,1.258182e-01,9.905901e-01
199,1.101274e+00,-3.174394e-01,1.000501e+00
200,1.101906e+00,-8.670071e-01,1.006463e+00
